100
807 16
497 91
1000 95
81 39
494 92
270 26
312 23
958 86
440 28
484 74
2 3
500 44
915 30
289 65
452 71
2 97
580 93
2 50
387 98
383 4
981 68
978 10
716 10
918 38
79 65
5 75
582 60
837 81
289 48
2 2
924 39
2 1
659 89
143 26
565 89
30 46
245 99
108 30
712 1
226 22
3 10
635 54
950 63
665 37
555 27
865 23
1000 98
1000 1
950 95
2 99
871 75
865 5
793 69
1000 3
977 44
1000 96
1000 99
264 31
439 40
492 12
875 93
758 85
451 5
1000 2
551 71
124 68
93 3
642 34
1000 97
320 75
728 33
592 91
2 96
1000 4
537 11
744 3
959 86
24 85
921 39
40 62
169 3
906 56
808 71
1000 5
173 90
2 95
355 11
824 54
755 11
13 37
398 61
2 4
2 98
2 5
204 41
397 40
758 81
838 46
853 50
424 35
